{
  "version": "1.0.0",
  "imagePath": "003_135245_39953.jpg",
  "imageData": null,
  "imageHeight": 960,
  "imageWidth": 640,
  "right_hand_param": {
    "spin_x": 58.3,
    "spin_y": 189.6,
    "sld_depth": 811,
    "pose_yaw": 103.66976176917768,
    "pose_pitch": -10.535569415180928,
    "pose_roll": -22.225983030208315,
    "thumb1_yaw": 30.104240398788956,
    "thumb1_pitch": 7.372198147849378,
    "thumb1_roll": 18.958806225795456,
    "sld_thumb2": 0,
    "index0_pitch": -19.0,
    "index0_roll": 3.0,
    "sld_index1": 40,
    "sld_index2": 62,
    "sld_index3": 24,
    "middle0_pitch": -10.0,
    "middle0_roll": 6.0,
    "sld_middle1": 48,
    "sld_middle2": 58,
    "sld_middle3": 12,
    "ring0_pitch": 1.0,
    "ring0_roll": 6.0,
    "sld_ring1": 48,
    "sld_ring2": 52,
    "sld_ring3": 24,
    "pinky0_pitch": 0.0,
    "pinky0_roll": 10.0,
    "sld_pinky1": 60,
    "sld_pinky2": 24,
    "sld_pinky3": 28,
    "sld_beta0": 5,
    "sld_beta1": 0,
    "sld_beta2": -5,
    "sld_beta3": 0,
    "sld_beta4": 0,
    "sld_beta5": 20,
    "sld_beta6": 0,
    "sld_beta7": 0,
    "sld_beta8": 25,
    "sld_beta9": 90,
    "rot_thumb": [
      [
        0.8172836819300614,
        0.20707316488136224,
        -0.5377435147324962
      ],
      [
        -0.20707316488136224,
        0.9764047319412215,
        0.061274006142961024
      ],
      [
        0.5377435147324962,
        0.061274006142961024,
        0.8408789499888399
      ]
    ],
    "rot_index": [
      [
        0.9909396824826023,
        -0.11763134178073793,
        -0.0648183084640635
      ],
      [
        0.11763134178073793,
        0.9930499488804791,
        -0.00382968136286177
      ],
      [
        0.0648183084640635,
        -0.00382968136286177,
        0.9978897336021232
      ]
    ],
    "rot_middle": [
      [
        0.982633805728307,
        -0.05613604217923177,
        0.1768602516348861
      ],
      [
        0.05613604217923177,
        0.9984105712197362,
        0.0050075987390714545
      ],
      [
        -0.1768602516348861,
        0.0050075987390714545,
        0.9842232345085709
      ]
    ],
    "rot_ring": [
      [
        0.9490296275868035,
        0.06784446297291469,
        0.30779846459391214
      ],
      [
        -0.06784446297291469,
        0.9976383780467297,
        -0.010714265826793662
      ],
      [
        -0.30779846459391214,
        -0.010714265826793662,
        0.9513912495400738
      ]
    ],
    "rot_pinky": [
      [
        0.8046504910926258,
        -0.015835605502885316,
        0.5935375479131485
      ],
      [
        0.015835605502885316,
        0.9998610443391223,
        0.0052082253634674015
      ],
      [
        -0.5935375479131485,
        0.0052082253634674015,
        0.8047894467535035
      ]
    ],
    "ori_root_x": 0.09512966871261597,
    "ori_root_y": 0.006369289476424456,
    "ori_root_z": 0.0062522878870368,
    "ori_thumb_root_x": 0.0520726814866066,
    "ori_thumb_root_y": -0.007939607836306095,
    "ori_thumb_root_z": 0.055313821882009506,
    "ori_index_root_x": 0.0076440125703811646,
    "ori_index_root_y": 0.0012346962466835976,
    "ori_index_root_z": 0.026857420802116394,
    "ori_middle_root_x": 0.0011714771389961243,
    "ori_middle_root_y": 0.004754966124892235,
    "ori_middle_root_z": 0.0028349992353469133,
    "ori_ring_root_x": 0.014095626771450043,
    "ori_ring_root_y": 0.002301387954503298,
    "ori_ring_root_z": -0.02037876471877098,
    "ori_pinky_root_x": 0.026873022317886353,
    "ori_pinky_root_y": -0.003545182291418314,
    "ori_pinky_root_z": -0.036816928535699844
  },
  "left_hand_param": {
    "spin_x": 159.6,
    "spin_y": 173.6,
    "sld_depth": 832,
    "pose_yaw": -108.32826767906212,
    "pose_pitch": 11.238267807641437,
    "pose_roll": 9.55822004256075,
    "thumb1_yaw": -11.76547692861548,
    "thumb1_pitch": -21.12246083301488,
    "thumb1_roll": 9.325259913218758,
    "sld_thumb2": 0,
    "index0_pitch": -25.0,
    "index0_roll": -13.0,
    "sld_index1": 62,
    "sld_index2": 48,
    "sld_index3": 26,
    "middle0_pitch": -18.0,
    "middle0_roll": 0.0,
    "sld_middle1": 50,
    "sld_middle2": 68,
    "sld_middle3": 16,
    "ring0_pitch": 5.0,
    "ring0_roll": -3.0,
    "sld_ring1": 36,
    "sld_ring2": 68,
    "sld_ring3": 26,
    "pinky0_pitch": -2.0,
    "pinky0_roll": 6.0,
    "sld_pinky1": 63,
    "sld_pinky2": 17,
    "sld_pinky3": 26,
    "sld_beta0": 0,
    "sld_beta1": 0,
    "sld_beta2": 0,
    "sld_beta3": 0,
    "sld_beta4": 0,
    "sld_beta5": 0,
    "sld_beta6": 0,
    "sld_beta7": 0,
    "sld_beta8": 0,
    "sld_beta9": 0,
    "rot_thumb": [
      [
        0.8200184749792998,
        -0.20052168788381364,
        0.5360604008699484
      ],
      [
        0.20052168788381364,
        0.977907396070674,
        0.059060794089652535
      ],
      [
        -0.5360604008699484,
        0.059060794089652535,
        0.8421110789086258
      ]
    ],
    "rot_index": [
      [
        0.9903147372265128,
        0.12150152027655438,
        0.06718706573790106
      ],
      [
        -0.12150152027655438,
        0.9925827713811306,
        -0.004101527500847082
      ],
      [
        -0.06718706573790106,
        -0.004101527500847082,
        0.9977319658453822
      ]
    ],
    "rot_middle": [
      [
        0.9825898272764121,
        0.05865186035386683,
        -0.17628723893107284
      ],
      [
        -0.05865186035386683,
        0.9982648752275224,
        0.005215185903661201
      ],
      [
        0.17628723893107284,
        0.005215185903661201,
        0.9843249520488897
      ]
    ],
    "rot_ring": [
      [
        0.9489484250673935,
        -0.06810779651684291,
        -0.3079906079992274
      ],
      [
        0.06810779651684291,
        0.9976199103646269,
        -0.010763015269624058
      ],
      [
        0.3079906079992274,
        -0.010763015269624058,
        0.9513285147027667
      ]
    ],
    "rot_pinky": [
      [
        0.8059145172106902,
        0.0029284521721134544,
        -0.5920246744156327
      ],
      [
        -0.0029284521721134544,
        0.9999952512524581,
        0.0009600210459656839
      ],
      [
        0.5920246744156327,
        0.0009600210459656839,
        0.805919265958232
      ]
    ],
    "ori_root_x": -0.0956699401140213,
    "ori_root_y": 0.0063834283500909805,
    "ori_root_z": 0.006186304613947868,
    "ori_thumb_root_x": -0.0519469790160656,
    "ori_thumb_root_y": -0.008247618563473225,
    "ori_thumb_root_z": 0.0556987039744854,
    "ori_index_root_x": -0.007572680711746216,
    "ori_index_root_y": 0.0011830716393887997,
    "ori_index_root_z": 0.0268722977489233,
    "ori_middle_root_x": -0.0010094866156578064,
    "ori_middle_root_y": 0.00490446574985981,
    "ori_middle_root_z": 0.0028287649620324373,
    "ori_ring_root_x": -0.01393437385559082,
    "ori_ring_root_y": 0.0024260077625513077,
    "ori_ring_root_z": -0.02048688568174839,
    "ori_pinky_root_x": -0.02688296139240265,
    "ori_pinky_root_y": -0.0035568997263908386,
    "ori_pinky_root_z": -0.03702303022146225
  },
  "global_hand_param": {
    "spin_focal_x": 1000,
    "spin_focal_y": 1000,
    "spin_princpt_x": 200,
    "spin_princpt_y": 200,
    "spin_left": 201,
    "spin_right": 438,
    "spin_top": 198,
    "spin_bottom": 466,
    "image_width": 640,
    "image_height": 960
  },
  "right_hand_kp_param": {
    "kp_x00": 223,
    "kp_x01": 0,
    "kp_x02": 0,
    "kp_x03": 0,
    "kp_x04": 0,
    "kp_x05": 0,
    "kp_x06": 0,
    "kp_x07": 0,
    "kp_x08": 0,
    "kp_x09": 0,
    "kp_x10": 0,
    "kp_x11": 0,
    "kp_x12": 0,
    "kp_x13": 0,
    "kp_x14": 0,
    "kp_x15": 0,
    "kp_x16": 0,
    "kp_x17": 0,
    "kp_x18": 0,
    "kp_x19": 0,
    "kp_x20": 0,
    "kp_y00": 235,
    "kp_y01": 0,
    "kp_y02": 0,
    "kp_y03": 0,
    "kp_y04": 0,
    "kp_y05": 0,
    "kp_y06": 0,
    "kp_y07": 0,
    "kp_y08": 0,
    "kp_y09": 0,
    "kp_y10": 0,
    "kp_y11": 0,
    "kp_y12": 0,
    "kp_y13": 0,
    "kp_y14": 0,
    "kp_y15": 0,
    "kp_y16": 0,
    "kp_y17": 0,
    "kp_y18": 0,
    "kp_y19": 0,
    "kp_y20": 0
  },
  "left_hand_kp_param": {
    "kp_x00": 0,
    "kp_x01": 0,
    "kp_x02": 0,
    "kp_x03": 0,
    "kp_x04": 0,
    "kp_x05": 0,
    "kp_x06": 0,
    "kp_x07": 0,
    "kp_x08": 0,
    "kp_x09": 0,
    "kp_x10": 0,
    "kp_x11": 0,
    "kp_x12": 0,
    "kp_x13": 0,
    "kp_x14": 0,
    "kp_x15": 0,
    "kp_x16": 0,
    "kp_x17": 0,
    "kp_x18": 0,
    "kp_x19": 0,
    "kp_x20": 0,
    "kp_y00": 0,
    "kp_y01": 0,
    "kp_y02": 0,
    "kp_y03": 0,
    "kp_y04": 0,
    "kp_y05": 0,
    "kp_y06": 0,
    "kp_y07": 0,
    "kp_y08": 0,
    "kp_y09": 0,
    "kp_y10": 0,
    "kp_y11": 0,
    "kp_y12": 0,
    "kp_y13": 0,
    "kp_y14": 0,
    "kp_y15": 0,
    "kp_y16": 0,
    "kp_y17": 0,
    "kp_y18": 0,
    "kp_y19": 0,
    "kp_y20": 0
  }
}