{"version": "1.0.0", "imagePath": "19_\u6bd4\u5fc3\u5377\u5e73.jpg", "imageData": null, "imageHeight": 960, "imageWidth": 640, "right_hand_param": {"spin_x": 37, "spin_y": 94, "sld_depth": 866, "pose_yaw": -143.60946940891523, "pose_pitch": -47.4226511942203, "pose_roll": -122.44883879001985, "thumb1_yaw": 5.56656911646078, "thumb1_pitch": 29.73698113886882, "thumb1_roll": -18.210980251753693, "sld_thumb2": 0, "sld_index1": 0, "sld_index2": -2, "sld_index3": 0, "sld_middle1": 96, "sld_middle2": 73, "sld_middle3": 39, "sld_ring1": 83, "sld_ring2": 73, "sld_ring3": 37, "sld_pinky1": 77, "sld_pinky2": 76, "sld_pinky3": 31, "sld_beta0": -43, "sld_beta1": -18, "sld_beta2": -39, "sld_beta3": -6, "sld_beta4": 2, "sld_beta5": 3, "sld_beta6": 9, "sld_beta7": 4, "sld_beta8": -4, "sld_beta9": 8, "rot_thumb": [[0.8188635098481929, 0.20500259269196977, -0.5361310373674227], [-0.20500259269196977, 0.976894328363354, 0.0604268830991778], [0.5361310373674227, 0.0604268830991778, 0.8419691814848388]], "rot_index": [[0.990517804371351, -0.11912955769248626, -0.06842972824256074], [0.11912955769248626, 0.9928702715017967, -0.0040954184085421315], [0.06842972824256074, -0.0040954184085421315, 0.9976475328695542]], "rot_middle": [[0.9833432207824118, -0.051419868987214734, 0.17433332215790145], [0.051419868987214734, 0.9986668959265561, 0.004519740452148719], [-0.17433332215790145, 0.004519740452148719, 0.9846763248558557]], "rot_ring": [[0.9811962819776812, -0.07186693376111492, 0.1791340282161665], [0.07186693376111492, 0.9973930618509597, 0.006497999949465859], [-0.1791340282161665, 0.006497999949465859, 0.9838032201267215]], "rot_pinky": [[0.8078867642499123, -0.004066874226031154, 0.589323711285942], [0.004066874226031154, 0.9999908514923073, 0.0013256944293257268], [-0.589323711285942, 0.0013256944293257268, 0.8078959127576051]], "ori_root_x": 0.09796066582202911, "ori_root_y": 0.0065738121047616005, "ori_root_z": 0.006376164965331554, "ori_thumb_root_x": 0.05329003185033798, "ori_thumb_root_y": -0.00831015408039093, "ori_thumb_root_z": 0.05694089084863663, "ori_index_root_x": 0.00783565640449524, "ori_index_root_y": 0.0013971291482448578, "ori_index_root_z": 0.027350354939699173, "ori_middle_root_x": 0.001222178339958191, "ori_middle_root_y": 0.0050525907427072525, "ori_middle_root_z": 0.002841651439666748, "ori_ring_root_x": 0.014471098780632019, "ori_ring_root_y": 0.0025700191035866737, "ori_ring_root_z": -0.02086203545331955, "ori_pinky_root_x": 0.02763504534959793, "ori_pinky_root_y": -0.00355736818164587, "ori_pinky_root_z": -0.037659063935279846, "index0_pitch": 12, "index0_roll": 0, "middle0_pitch": 4, "middle0_roll": 0, "ring0_pitch": 0, "ring0_roll": 0, "pinky0_pitch": 12, "pinky0_roll": 0}, "left_hand_param": {"spin_x": 277, "spin_y": 100, "sld_depth": 857, "pose_yaw": 145.01574544084042, "pose_pitch": 39.63055522622897, "pose_roll": -131.95194913999327, "thumb1_yaw": -7.117720825647746, "thumb1_pitch": -37.76998749122111, "thumb1_roll": -3.175310087814117, "sld_thumb2": 0, "sld_index1": 0, "sld_index2": 0, "sld_index3": 0, "sld_middle1": 73, "sld_middle2": 79, "sld_middle3": 56, "sld_ring1": 77, "sld_ring2": 67, "sld_ring3": 47, "sld_pinky1": 81, "sld_pinky2": 73, "sld_pinky3": 22, "sld_beta0": 2, "sld_beta1": 0, "sld_beta2": -35, "sld_beta3": 0, "sld_beta4": -6, "sld_beta5": 0, "sld_beta6": 4, "sld_beta7": 7, "sld_beta8": -2, "sld_beta9": 12, "rot_thumb": [[0.8175648555192996, -0.20196997426010482, 0.5392548901188372], [0.20196997426010482, 0.9775568556033877, 0.059922646471847314], [-0.5392548901188372, 0.059922646471847314, 0.8400079999159119]], "rot_index": [[0.9898739723529677, 0.12501998602294495, 0.06722738990157787], [-0.12501998602294495, 0.9921452327522555, -0.004223768672101352], [-0.06722738990157787, -0.004223768672101352, 0.9977287396007122]], "rot_middle": [[0.9825650803098706, 0.05693520885631307, -0.1769865671404066], [-0.05693520885631307, 0.9983649374037168, 0.0050826917436304015], [0.1769865671404066, 0.0050826917436304015, 0.9842001429061538]], "rot_ring": [[0.9809790491261321, 0.07040948954034325, -0.18089391631079801], [-0.07040948954034325, 0.9974974514649619, 0.006429471484827349], [0.18089391631079801, 0.006429471484827349, 0.9834815976611702]], "rot_pinky": [[0.8051659731514896, 0.007783410139713099, -0.5929984605423623], [-0.007783410139713099, 0.9999664399427509, 0.002556856432742179], [0.5929984605423623, 0.002556856432742179, 0.8051995332087387]], "ori_root_x": -0.09555361419916153, "ori_root_y": 0.006382043473422527, "ori_root_z": 0.0062054661102592945, "ori_thumb_root_x": -0.05203578248620033, "ori_thumb_root_y": -0.008306504227221012, "ori_thumb_root_z": 0.05542171746492386, "ori_index_root_x": -0.00750664621591568, "ori_index_root_y": 0.0012395549565553665, "ori_index_root_z": 0.026704605668783188, "ori_middle_root_x": -0.0008320212364196777, "ori_middle_root_y": 0.004852373618632555, "ori_middle_root_z": 0.0027889746706932783, "ori_ring_root_x": -0.013680949807167053, "ori_ring_root_y": 0.002349422313272953, "ori_ring_root_z": -0.020303890109062195, "ori_pinky_root_x": -0.026688851416110992, "ori_pinky_root_y": -0.00351894274353981, "ori_pinky_root_z": -0.03670068830251694, "index0_pitch": 0, "index0_roll": 0, "middle0_pitch": 6, "middle0_roll": 0, "ring0_pitch": 2, "ring0_roll": 0, "pinky0_pitch": 12, "pinky0_roll": 0}, "global_hand_param": {"spin_focal_x": 1000, "spin_focal_y": 1000, "spin_princpt_x": 200, "spin_princpt_y": 200, "spin_left": 151, "spin_right": 489, "spin_top": 541, "spin_bottom": 753, "image_width": 640, "image_height": 960}, "right_hand_kp_param": {"kp_x00": 0, "kp_x01": 0, "kp_x02": 0, "kp_x03": 0, "kp_x04": 0, "kp_x05": 0, "kp_x06": 0, "kp_x07": 0, "kp_x08": 0, "kp_x09": 0, "kp_x10": 0, "kp_x11": 0, "kp_x12": 0, "kp_x13": 0, "kp_x14": 0, "kp_x15": 0, "kp_x16": 0, "kp_x17": 0, "kp_x18": 0, "kp_x19": 0, "kp_x20": 0, "kp_y00": 0, "kp_y01": 0, "kp_y02": 0, "kp_y03": 0, "kp_y04": 0, "kp_y05": 0, "kp_y06": 0, "kp_y07": 0, "kp_y08": 0, "kp_y09": 0, "kp_y10": 0, "kp_y11": 0, "kp_y12": 0, "kp_y13": 0, "kp_y14": 0, "kp_y15": 0, "kp_y16": 0, "kp_y17": 0, "kp_y18": 0, "kp_y19": 0, "kp_y20": 0}, "left_hand_kp_param": {"kp_x00": 0, "kp_x01": 0, "kp_x02": 0, "kp_x03": 0, "kp_x04": 0, "kp_x05": 0, "kp_x06": 0, "kp_x07": 0, "kp_x08": 0, "kp_x09": 0, "kp_x10": 0, "kp_x11": 0, "kp_x12": 0, "kp_x13": 0, "kp_x14": 0, "kp_x15": 0, "kp_x16": 0, "kp_x17": 0, "kp_x18": 0, "kp_x19": 0, "kp_x20": 0, "kp_y00": 0, "kp_y01": 0, "kp_y02": 0, "kp_y03": 0, "kp_y04": 0, "kp_y05": 0, "kp_y06": 0, "kp_y07": 0, "kp_y08": 0, "kp_y09": 0, "kp_y10": 0, "kp_y11": 0, "kp_y12": 0, "kp_y13": 0, "kp_y14": 0, "kp_y15": 0, "kp_y16": 0, "kp_y17": 0, "kp_y18": 0, "kp_y19": 0, "kp_y20": 0}}