{
  "version": "1.0.0",
  "imagePath": "2_抱弯拳左.jpg",
  "imageData": null,
  "imageHeight": 960,
  "imageWidth": 640,
  "right_hand_param": {
    "spin_x": 64,
    "spin_y": 139,
    "sld_depth": 1078,
    "pose_yaw": 122.12423904846656,
    "pose_pitch": 0.692054592619642,
    "pose_roll": -26.54445988999198,
    "thumb1_yaw": 46.061047264089886,
    "thumb1_pitch": 9.003159554907375,
    "thumb1_roll": -0.33245177510710283,
    "sld_thumb2": 3,
    "index0_pitch": -2,
    "index0_roll": 0,
    "sld_index1": 81,
    "sld_index2": 70,
    "sld_index3": 79,
    "middle0_pitch": 6,
    "middle0_roll": 0,
    "sld_middle1": 78,
    "sld_middle2": 67,
    "sld_middle3": 75,
    "ring0_pitch": -7,
    "ring0_roll": 0,
    "sld_ring1": 72,
    "sld_ring2": 62,
    "sld_ring3": 84,
    "pinky0_pitch": -25,
    "pinky0_roll": 0,
    "sld_pinky1": 62,
    "sld_pinky2": 62,
    "sld_pinky3": 77,
    "sld_beta0": -43,
    "sld_beta1": -18,
    "sld_beta2": -39,
    "sld_beta3": -6,
    "sld_beta4": 2,
    "sld_beta5": 3,
    "sld_beta6": 9,
    "sld_beta7": 4,
    "sld_beta8": -4,
    "sld_beta9": 8,
    "rot_thumb": [
      [
        0.8188635098481929,
        0.20500259269196977,
        -0.5361310373674227
      ],
      [
        -0.20500259269196977,
        0.976894328363354,
        0.0604268830991778
      ],
      [
        0.5361310373674227,
        0.0604268830991778,
        0.8419691814848388
      ]
    ],
    "rot_index": [
      [
        0.990517804371351,
        -0.11912955769248626,
        -0.06842972824256074
      ],
      [
        0.11912955769248626,
        0.9928702715017967,
        -0.0040954184085421315
      ],
      [
        0.06842972824256074,
        -0.0040954184085421315,
        0.9976475328695542
      ]
    ],
    "rot_middle": [
      [
        0.9833432207824118,
        -0.051419868987214734,
        0.17433332215790145
      ],
      [
        0.051419868987214734,
        0.9986668959265561,
        0.004519740452148719
      ],
      [
        -0.17433332215790145,
        0.004519740452148719,
        0.9846763248558557
      ]
    ],
    "rot_ring": [
      [
        0.9497558403239302,
        0.07207528431710988,
        0.3045800340816727
      ],
      [
        -0.07207528431710988,
        0.9973356424933035,
        -0.011259200818757071
      ],
      [
        -0.3045800340816727,
        -0.011259200818757071,
        0.9524201978306266
      ]
    ],
    "rot_pinky": [
      [
        0.8078867642499123,
        -0.004066874226031154,
        0.589323711285942
      ],
      [
        0.004066874226031154,
        0.9999908514923073,
        0.0013256944293257268
      ],
      [
        -0.589323711285942,
        0.0013256944293257268,
        0.8078959127576051
      ]
    ],
    "ori_root_x": 0.09796066582202911,
    "ori_root_y": 0.0065738121047616005,
    "ori_root_z": 0.006376164965331554,
    "ori_thumb_root_x": 0.05329003185033798,
    "ori_thumb_root_y": -0.00831015408039093,
    "ori_thumb_root_z": 0.05694089084863663,
    "ori_index_root_x": 0.00783565640449524,
    "ori_index_root_y": 0.0013971291482448578,
    "ori_index_root_z": 0.027350354939699173,
    "ori_middle_root_x": 0.001222178339958191,
    "ori_middle_root_y": 0.0050525907427072525,
    "ori_middle_root_z": 0.002841651439666748,
    "ori_ring_root_x": 0.014471098780632019,
    "ori_ring_root_y": 0.0025700191035866737,
    "ori_ring_root_z": -0.02086203545331955,
    "ori_pinky_root_x": 0.02763504534959793,
    "ori_pinky_root_y": -0.00355736818164587,
    "ori_pinky_root_z": -0.037659063935279846
  },
  "left_hand_param": {
    "spin_x": 186,
    "spin_y": 120,
    "sld_depth": 1089,
    "pose_yaw": -113.34343836042804,
    "pose_pitch": 19.72650423558152,
    "pose_roll": -14.78581993897181,
    "thumb1_yaw": -34.000000000000014,
    "thumb1_pitch": -0.9999999999999853,
    "thumb1_roll": 0.0,
    "sld_thumb2": 0,
    "index0_pitch": 1,
    "index0_roll": 0,
    "sld_index1": 60,
    "sld_index2": 20,
    "sld_index3": 0,
    "middle0_pitch": 0,
    "middle0_roll": 0,
    "sld_middle1": 67,
    "sld_middle2": 18,
    "sld_middle3": 0,
    "ring0_pitch": -3,
    "ring0_roll": 0,
    "sld_ring1": 69,
    "sld_ring2": 0,
    "sld_ring3": 0,
    "pinky0_pitch": -6,
    "pinky0_roll": 0,
    "sld_pinky1": 64,
    "sld_pinky2": 0,
    "sld_pinky3": 0,
    "sld_beta0": 2,
    "sld_beta1": 0,
    "sld_beta2": -35,
    "sld_beta3": 0,
    "sld_beta4": -6,
    "sld_beta5": 0,
    "sld_beta6": 4,
    "sld_beta7": 7,
    "sld_beta8": -2,
    "sld_beta9": 12,
    "rot_thumb": [
      [
        0.818683478680108,
        -0.20141177149689798,
        0.5377645023973956
      ],
      [
        0.20141177149689798,
        0.977694468458602,
        0.05955522351509662
      ],
      [
        -0.5377645023973956,
        0.05955522351509662,
        0.8409890102215061
      ]
    ],
    "rot_index": [
      [
        0.9901225677258039,
        0.12348353351781241,
        0.06640118846840184
      ],
      [
        -0.12348353351781241,
        0.9923380683695933,
        -0.004120074569693632
      ],
      [
        -0.06640118846840184,
        -0.004120074569693632,
        0.9977844993562106
      ]
    ],
    "rot_middle": [
      [
        0.9827813486181881,
        0.05658407169039468,
        -0.17589503585704647
      ],
      [
        -0.05658407169039468,
        0.9983852192420032,
        0.005019644413064441
      ],
      [
        0.17589503585704647,
        0.005019644413064441,
        0.9843961293761849
      ]
    ],
    "rot_ring": [
      [
        0.9494799919325115,
        -0.06843753915559482,
        -0.30627446539691205
      ],
      [
        0.06843753915559482,
        0.9975974635364016,
        -0.010751929132230697
      ],
      [
        0.30627446539691205,
        -0.010751929132230697,
        0.95188252839611
      ]
    ],
    "rot_pinky": [
      [
        0.8054462157808822,
        0.0077784141382151286,
        -0.5926178277420879
      ],
      [
        -0.0077784141382151286,
        0.9999664882143945,
        0.002553178737519834
      ],
      [
        0.5926178277420879,
        0.002553178737519834,
        0.8054797275664877
      ]
    ],
    "ori_root_x": -0.09578624367713928,
    "ori_root_y": 0.006382043473422527,
    "ori_root_z": 0.0062054661102592945,
    "ori_thumb_root_x": -0.05185818672180176,
    "ori_thumb_root_y": -0.008306504227221012,
    "ori_thumb_root_z": 0.05542171746492386,
    "ori_index_root_x": -0.007638722658157349,
    "ori_index_root_y": 0.0012395549565553665,
    "ori_index_root_z": 0.026704605668783188,
    "ori_middle_root_x": -0.001186959445476532,
    "ori_middle_root_y": 0.004852373618632555,
    "ori_middle_root_z": 0.0027889746706932783,
    "ori_ring_root_x": -0.014187797904014587,
    "ori_ring_root_y": 0.002349422313272953,
    "ori_ring_root_z": -0.020303890109062195,
    "ori_pinky_root_x": -0.02707706391811371,
    "ori_pinky_root_y": -0.00351894274353981,
    "ori_pinky_root_z": -0.03670068830251694
  },
  "global_hand_param": {
    "spin_focal_x": 1000,
    "spin_focal_y": 1000,
    "spin_princpt_x": 200,
    "spin_princpt_y": 200,
    "spin_left": 195,
    "spin_right": 439,
    "spin_top": 305,
    "spin_bottom": 490,
    "image_width": 640,
    "image_height": 960
  },
  "right_hand_kp_param": {
    "kp_x00": 0,
    "kp_x01": 0,
    "kp_x02": 0,
    "kp_x03": 0,
    "kp_x04": 0,
    "kp_x05": 0,
    "kp_x06": 0,
    "kp_x07": 0,
    "kp_x08": 0,
    "kp_x09": 0,
    "kp_x10": 0,
    "kp_x11": 0,
    "kp_x12": 0,
    "kp_x13": 0,
    "kp_x14": 0,
    "kp_x15": 0,
    "kp_x16": 0,
    "kp_x17": 0,
    "kp_x18": 0,
    "kp_x19": 0,
    "kp_x20": 0,
    "kp_y00": 0,
    "kp_y01": 0,
    "kp_y02": 0,
    "kp_y03": 0,
    "kp_y04": 0,
    "kp_y05": 0,
    "kp_y06": 0,
    "kp_y07": 0,
    "kp_y08": 0,
    "kp_y09": 0,
    "kp_y10": 0,
    "kp_y11": 0,
    "kp_y12": 0,
    "kp_y13": 0,
    "kp_y14": 0,
    "kp_y15": 0,
    "kp_y16": 0,
    "kp_y17": 0,
    "kp_y18": 0,
    "kp_y19": 0,
    "kp_y20": 0
  },
  "left_hand_kp_param": {
    "kp_x00": 0,
    "kp_x01": 0,
    "kp_x02": 0,
    "kp_x03": 0,
    "kp_x04": 0,
    "kp_x05": 0,
    "kp_x06": 0,
    "kp_x07": 0,
    "kp_x08": 0,
    "kp_x09": 0,
    "kp_x10": 0,
    "kp_x11": 0,
    "kp_x12": 0,
    "kp_x13": 0,
    "kp_x14": 0,
    "kp_x15": 0,
    "kp_x16": 0,
    "kp_x17": 0,
    "kp_x18": 0,
    "kp_x19": 0,
    "kp_x20": 0,
    "kp_y00": 0,
    "kp_y01": 0,
    "kp_y02": 0,
    "kp_y03": 0,
    "kp_y04": 0,
    "kp_y05": 0,
    "kp_y06": 0,
    "kp_y07": 0,
    "kp_y08": 0,
    "kp_y09": 0,
    "kp_y10": 0,
    "kp_y11": 0,
    "kp_y12": 0,
    "kp_y13": 0,
    "kp_y14": 0,
    "kp_y15": 0,
    "kp_y16": 0,
    "kp_y17": 0,
    "kp_y18": 0,
    "kp_y19": 0,
    "kp_y20": 0
  }
}