{"version": "1.0.0", "imagePath": "38305.jpg", "imageData": null, "imageHeight": 960, "imageWidth": 640, "right_hand_param": {"spin_x": 120, "spin_y": 173, "sld_depth": 1075, "pose_yaw": 54.558845218616966, "pose_pitch": -11.25183048033427, "pose_roll": -8.396493041632402, "thumb1_yaw": 42.99999999999993, "thumb1_pitch": -21.999999999999996, "thumb1_roll": 3.716377538252483e-15, "sld_thumb2": 0, "sld_index1": -1, "sld_index2": 7, "sld_index3": 0, "sld_middle1": 4, "sld_middle2": 51, "sld_middle3": 0, "sld_ring1": 6, "sld_ring2": 43, "sld_ring3": 0, "sld_pinky1": -4, "sld_pinky2": 39, "sld_pinky3": 0, "sld_beta0": -43, "sld_beta1": -18, "sld_beta2": -39, "sld_beta3": -6, "sld_beta4": 2, "sld_beta5": 3, "sld_beta6": 9, "sld_beta7": 4, "sld_beta8": -4, "sld_beta9": 8, "rot_thumb": [[0.8188635098481929, 0.20500259269196977, -0.5361310373674227], [-0.20500259269196977, 0.976894328363354, 0.0604268830991778], [0.5361310373674227, 0.0604268830991778, 0.8419691814848388]], "rot_index": [[0.990517804371351, -0.11912955769248626, -0.06842972824256074], [0.11912955769248626, 0.9928702715017967, -0.0040954184085421315], [0.06842972824256074, -0.0040954184085421315, 0.9976475328695542]], "rot_middle": [[0.9833432207824118, -0.051419868987214734, 0.17433332215790145], [0.051419868987214734, 0.9986668959265561, 0.004519740452148719], [-0.17433332215790145, 0.004519740452148719, 0.9846763248558557]], "rot_ring": [[0.9811962819776812, -0.07186693376111492, 0.1791340282161665], [0.07186693376111492, 0.9973930618509597, 0.006497999949465859], [-0.1791340282161665, 0.006497999949465859, 0.9838032201267215]], "rot_pinky": [[0.8078867642499123, -0.004066874226031154, 0.589323711285942], [0.004066874226031154, 0.9999908514923073, 0.0013256944293257268], [-0.589323711285942, 0.0013256944293257268, 0.8078959127576051]], "ori_root_x": 0.09796066582202911, "ori_root_y": 0.0065738121047616005, "ori_root_z": 0.006376164965331554, "index0_pitch": 10, "index0_roll": 0, "middle0_pitch": 3, "middle0_roll": 0, "ring0_pitch": -8, "ring0_roll": 0, "pinky0_pitch": -37, "pinky0_roll": 0}, "left_hand_param": {"spin_x": 165, "spin_y": 132, "sld_depth": 1055, "pose_yaw": -122.23445461928748, "pose_pitch": -32.03195569112624, "pose_roll": 1.7351515624406686, "thumb1_yaw": -41.00000000000002, "thumb1_pitch": 21.999999999999996, "thumb1_roll": -4.137272697508187e-15, "sld_thumb2": 0, "sld_index1": 7, "sld_index2": 9, "sld_index3": 0, "sld_middle1": 5, "sld_middle2": 18, "sld_middle3": 0, "sld_ring1": 5, "sld_ring2": 20, "sld_ring3": 0, "sld_pinky1": 2, "sld_pinky2": 15, "sld_pinky3": 0, "sld_beta0": 2, "sld_beta1": 0, "sld_beta2": -35, "sld_beta3": 0, "sld_beta4": -6, "sld_beta5": 0, "sld_beta6": 4, "sld_beta7": 7, "sld_beta8": -2, "sld_beta9": 12, "rot_thumb": [[0.8175648555192996, -0.20196997426010482, 0.5392548901188372], [0.20196997426010482, 0.9775568556033877, 0.059922646471847314], [-0.5392548901188372, 0.059922646471847314, 0.8400079999159119]], "rot_index": [[0.9898739723529677, 0.12501998602294495, 0.06722738990157787], [-0.12501998602294495, 0.9921452327522555, -0.004223768672101352], [-0.06722738990157787, -0.004223768672101352, 0.9977287396007122]], "rot_middle": [[0.9825650803098706, 0.05693520885631307, -0.1769865671404066], [-0.05693520885631307, 0.9983649374037168, 0.0050826917436304015], [0.1769865671404066, 0.0050826917436304015, 0.9842001429061538]], "rot_ring": [[0.9809790491261321, 0.07040948954034325, -0.18089391631079801], [-0.07040948954034325, 0.9974974514649619, 0.006429471484827349], [0.18089391631079801, 0.006429471484827349, 0.9834815976611702]], "rot_pinky": [[0.8051659731514896, 0.007783410139713099, -0.5929984605423623], [-0.007783410139713099, 0.9999664399427509, 0.002556856432742179], [0.5929984605423623, 0.002556856432742179, 0.8051995332087387]], "ori_root_x": -0.09555361419916153, "ori_root_y": 0.006382043473422527, "ori_root_z": 0.0062054661102592945, "index0_pitch": 16, "index0_roll": 0, "middle0_pitch": 1, "middle0_roll": 0, "ring0_pitch": -9, "ring0_roll": 0, "pinky0_pitch": -35, "pinky0_roll": 0}, "global_hand_param": {"spin_focal_x": 1000, "spin_focal_y": 1000, "spin_princpt_x": 200, "spin_princpt_y": 200, "spin_left": 93, "spin_right": 314, "spin_top": 291, "spin_bottom": 517, "image_width": 640, "image_height": 960}, "right_hand_kp_param": {"kp_x00": 0, "kp_x01": 0, "kp_x02": 0, "kp_x03": 0, "kp_x04": 0, "kp_x05": 0, "kp_x06": 0, "kp_x07": 0, "kp_x08": 0, "kp_x09": 0, "kp_x10": 0, "kp_x11": 0, "kp_x12": 0, "kp_x13": 0, "kp_x14": 0, "kp_x15": 0, "kp_x16": 0, "kp_x17": 0, "kp_x18": 0, "kp_x19": 0, "kp_x20": 0, "kp_y00": 0, "kp_y01": 0, "kp_y02": 0, "kp_y03": 0, "kp_y04": 0, "kp_y05": 0, "kp_y06": 0, "kp_y07": 0, "kp_y08": 0, "kp_y09": 0, "kp_y10": 0, "kp_y11": 0, "kp_y12": 0, "kp_y13": 0, "kp_y14": 0, "kp_y15": 0, "kp_y16": 0, "kp_y17": 0, "kp_y18": 0, "kp_y19": 0, "kp_y20": 0}, "left_hand_kp_param": {"kp_x00": 0, "kp_x01": 0, "kp_x02": 0, "kp_x03": 0, "kp_x04": 0, "kp_x05": 0, "kp_x06": 0, "kp_x07": 0, "kp_x08": 0, "kp_x09": 0, "kp_x10": 0, "kp_x11": 0, "kp_x12": 0, "kp_x13": 0, "kp_x14": 0, "kp_x15": 0, "kp_x16": 0, "kp_x17": 0, "kp_x18": 0, "kp_x19": 0, "kp_x20": 0, "kp_y00": 0, "kp_y01": 0, "kp_y02": 0, "kp_y03": 0, "kp_y04": 0, "kp_y05": 0, "kp_y06": 0, "kp_y07": 0, "kp_y08": 0, "kp_y09": 0, "kp_y10": 0, "kp_y11": 0, "kp_y12": 0, "kp_y13": 0, "kp_y14": 0, "kp_y15": 0, "kp_y16": 0, "kp_y17": 0, "kp_y18": 0, "kp_y19": 0, "kp_y20": 0}}