{
  "version": "1.0.0",
  "imagePath": "001_133238_22472.jpg",
  "imageData": null,
  "imageHeight": 960,
  "imageWidth": 640,
  "right_hand_param": {
    "spin_x": 50.0,
    "spin_y": 190.0,
    "sld_depth": 983,
    "pose_yaw": 91.19104021415282,
    "pose_pitch": -0.28907314959679214,
    "pose_roll": -10.230475835457732,
    "thumb1_yaw": 42.999999999999936,
    "thumb1_pitch": -21.999999999999993,
    "thumb1_roll": 4.1326871174566314e-15,
    "sld_thumb2": 0,
    "index0_pitch": 17,
    "index0_roll": 0,
    "sld_index1": 4,
    "sld_index2": 0,
    "sld_index3": 0,
    "middle0_pitch": 3,
    "middle0_roll": 0,
    "sld_middle1": 4,
    "sld_middle2": 0,
    "sld_middle3": 0,
    "ring0_pitch": -8,
    "ring0_roll": 0,
    "sld_ring1": 4,
    "sld_ring2": 0,
    "sld_ring3": 0,
    "pinky0_pitch": -30,
    "pinky0_roll": 0,
    "sld_pinky1": -3,
    "sld_pinky2": 0,
    "sld_pinky3": 0,
    "sld_beta0": 0,
    "sld_beta1": 0,
    "sld_beta2": 0,
    "sld_beta3": 0,
    "sld_beta4": 0,
    "sld_beta5": 0,
    "sld_beta6": 0,
    "sld_beta7": 0,
    "sld_beta8": 0,
    "sld_beta9": 0,
    "rot_thumb": [
      [
        0.8200184749792998,
        0.20052168788381364,
        -0.5360604008699484
      ],
      [
        -0.20052168788381364,
        0.977907396070674,
        0.059060794089652535
      ],
      [
        0.5360604008699484,
        0.059060794089652535,
        0.8421110789086258
      ]
    ],
    "rot_index": [
      [
        0.9903147372265128,
        -0.12150152027655438,
        -0.06718706573790106
      ],
      [
        0.12150152027655438,
        0.9925827713811306,
        -0.004101527500847082
      ],
      [
        0.06718706573790106,
        -0.004101527500847082,
        0.9977319658453822
      ]
    ],
    "rot_middle": [
      [
        0.9825898272764121,
        -0.05865186035386683,
        0.17628723893107284
      ],
      [
        0.05865186035386683,
        0.9982648752275224,
        0.005215185903661201
      ],
      [
        -0.17628723893107284,
        0.005215185903661201,
        0.9843249520488897
      ]
    ],
    "rot_ring": [
      [
        0.9489484250673935,
        0.06810779651684291,
        0.3079906079992274
      ],
      [
        -0.06810779651684291,
        0.9976199103646269,
        -0.010763015269624058
      ],
      [
        -0.3079906079992274,
        -0.010763015269624058,
        0.9513285147027667
      ]
    ],
    "rot_pinky": [
      [
        0.8059145172106902,
        -0.0029284521721134544,
        0.5920246744156327
      ],
      [
        0.0029284521721134544,
        0.9999952512524581,
        0.0009600210459656839
      ],
      [
        -0.5920246744156327,
        0.0009600210459656839,
        0.805919265958232
      ]
    ],
    "ori_root_x": 0.0956699401140213,
    "ori_root_y": 0.0063834283500909805,
    "ori_root_z": 0.006186304613947868,
    "ori_thumb_root_x": 0.0519469790160656,
    "ori_thumb_root_y": -0.008247618563473225,
    "ori_thumb_root_z": 0.0556987039744854,
    "ori_index_root_x": 0.007572680711746216,
    "ori_index_root_y": 0.0011830716393887997,
    "ori_index_root_z": 0.0268722977489233,
    "ori_middle_root_x": 0.0010094866156578064,
    "ori_middle_root_y": 0.00490446574985981,
    "ori_middle_root_z": 0.0028287649620324373,
    "ori_ring_root_x": 0.01393437385559082,
    "ori_ring_root_y": 0.0024260077625513077,
    "ori_ring_root_z": -0.02048688568174839,
    "ori_pinky_root_x": 0.02688296139240265,
    "ori_pinky_root_y": -0.0035568997263908386,
    "ori_pinky_root_z": -0.03702303022146225
  },
  "left_hand_param": {
    "spin_x": 108.0,
    "spin_y": 189.0,
    "sld_depth": 980,
    "pose_yaw": -95.27988631904901,
    "pose_pitch": 0.904510716723675,
    "pose_roll": 2.261721495565494,
    "thumb1_yaw": -41.00000000000002,
    "thumb1_pitch": 21.999999999999996,
    "thumb1_roll": -4.137272697508187e-15,
    "sld_thumb2": 0,
    "index0_pitch": 16,
    "index0_roll": 0,
    "sld_index1": 0,
    "sld_index2": 0,
    "sld_index3": 0,
    "middle0_pitch": 1,
    "middle0_roll": 0,
    "sld_middle1": 0,
    "sld_middle2": 0,
    "sld_middle3": 0,
    "ring0_pitch": -9,
    "ring0_roll": 0,
    "sld_ring1": 0,
    "sld_ring2": 0,
    "sld_ring3": 0,
    "pinky0_pitch": -27,
    "pinky0_roll": 0,
    "sld_pinky1": 5,
    "sld_pinky2": 0,
    "sld_pinky3": -8,
    "sld_beta0": 0,
    "sld_beta1": 0,
    "sld_beta2": 0,
    "sld_beta3": 0,
    "sld_beta4": 0,
    "sld_beta5": 0,
    "sld_beta6": 0,
    "sld_beta7": 0,
    "sld_beta8": 0,
    "sld_beta9": 0,
    "rot_thumb": [
      [
        0.8200184749792998,
        -0.20052168788381364,
        0.5360604008699484
      ],
      [
        0.20052168788381364,
        0.977907396070674,
        0.059060794089652535
      ],
      [
        -0.5360604008699484,
        0.059060794089652535,
        0.8421110789086258
      ]
    ],
    "rot_index": [
      [
        0.9903147372265128,
        0.12150152027655438,
        0.06718706573790106
      ],
      [
        -0.12150152027655438,
        0.9925827713811306,
        -0.004101527500847082
      ],
      [
        -0.06718706573790106,
        -0.004101527500847082,
        0.9977319658453822
      ]
    ],
    "rot_middle": [
      [
        0.9825898272764121,
        0.05865186035386683,
        -0.17628723893107284
      ],
      [
        -0.05865186035386683,
        0.9982648752275224,
        0.005215185903661201
      ],
      [
        0.17628723893107284,
        0.005215185903661201,
        0.9843249520488897
      ]
    ],
    "rot_ring": [
      [
        0.9489484250673935,
        -0.06810779651684291,
        -0.3079906079992274
      ],
      [
        0.06810779651684291,
        0.9976199103646269,
        -0.010763015269624058
      ],
      [
        0.3079906079992274,
        -0.010763015269624058,
        0.9513285147027667
      ]
    ],
    "rot_pinky": [
      [
        0.8059145172106902,
        0.0029284521721134544,
        -0.5920246744156327
      ],
      [
        -0.0029284521721134544,
        0.9999952512524581,
        0.0009600210459656839
      ],
      [
        0.5920246744156327,
        0.0009600210459656839,
        0.805919265958232
      ]
    ],
    "ori_root_x": -0.0956699401140213,
    "ori_root_y": 0.0063834283500909805,
    "ori_root_z": 0.006186304613947868,
    "ori_thumb_root_x": -0.0519469790160656,
    "ori_thumb_root_y": -0.008247618563473225,
    "ori_thumb_root_z": 0.0556987039744854,
    "ori_index_root_x": -0.007572680711746216,
    "ori_index_root_y": 0.0011830716393887997,
    "ori_index_root_z": 0.0268722977489233,
    "ori_middle_root_x": -0.0010094866156578064,
    "ori_middle_root_y": 0.00490446574985981,
    "ori_middle_root_z": 0.0028287649620324373,
    "ori_ring_root_x": -0.01393437385559082,
    "ori_ring_root_y": 0.0024260077625513077,
    "ori_ring_root_z": -0.02048688568174839,
    "ori_pinky_root_x": -0.02688296139240265,
    "ori_pinky_root_y": -0.0035568997263908386,
    "ori_pinky_root_z": -0.03702303022146225
  },
  "global_hand_param": {
    "spin_focal_x": 1000,
    "spin_focal_y": 1000,
    "spin_princpt_x": 200,
    "spin_princpt_y": 200,
    "spin_left": 233,
    "spin_right": 430,
    "spin_top": 260,
    "spin_bottom": 541,
    "image_width": 640,
    "image_height": 960
  },
  "right_hand_kp_param": {
    "kp_x00": 0,
    "kp_x01": 0,
    "kp_x02": 0,
    "kp_x03": 0,
    "kp_x04": 0,
    "kp_x05": 0,
    "kp_x06": 0,
    "kp_x07": 0,
    "kp_x08": 0,
    "kp_x09": 0,
    "kp_x10": 0,
    "kp_x11": 0,
    "kp_x12": 0,
    "kp_x13": 0,
    "kp_x14": 0,
    "kp_x15": 0,
    "kp_x16": 0,
    "kp_x17": 0,
    "kp_x18": 0,
    "kp_x19": 0,
    "kp_x20": 0,
    "kp_y00": 0,
    "kp_y01": 0,
    "kp_y02": 0,
    "kp_y03": 0,
    "kp_y04": 0,
    "kp_y05": 0,
    "kp_y06": 0,
    "kp_y07": 0,
    "kp_y08": 0,
    "kp_y09": 0,
    "kp_y10": 0,
    "kp_y11": 0,
    "kp_y12": 0,
    "kp_y13": 0,
    "kp_y14": 0,
    "kp_y15": 0,
    "kp_y16": 0,
    "kp_y17": 0,
    "kp_y18": 0,
    "kp_y19": 0,
    "kp_y20": 0
  },
  "left_hand_kp_param": {
    "kp_x00": 0,
    "kp_x01": 0,
    "kp_x02": 0,
    "kp_x03": 0,
    "kp_x04": 0,
    "kp_x05": 0,
    "kp_x06": 0,
    "kp_x07": 0,
    "kp_x08": 0,
    "kp_x09": 0,
    "kp_x10": 0,
    "kp_x11": 0,
    "kp_x12": 0,
    "kp_x13": 0,
    "kp_x14": 0,
    "kp_x15": 0,
    "kp_x16": 0,
    "kp_x17": 0,
    "kp_x18": 0,
    "kp_x19": 0,
    "kp_x20": 0,
    "kp_y00": 0,
    "kp_y01": 0,
    "kp_y02": 0,
    "kp_y03": 0,
    "kp_y04": 0,
    "kp_y05": 0,
    "kp_y06": 0,
    "kp_y07": 0,
    "kp_y08": 0,
    "kp_y09": 0,
    "kp_y10": 0,
    "kp_y11": 0,
    "kp_y12": 0,
    "kp_y13": 0,
    "kp_y14": 0,
    "kp_y15": 0,
    "kp_y16": 0,
    "kp_y17": 0,
    "kp_y18": 0,
    "kp_y19": 0,
    "kp_y20": 0
  }
}